capacity 40

sizes1: {5,12,4,9,1,5,6,10,8,1};
values1: {9,2,7,6,10,9,4,13,0,7};
sizes2: {11,0,6,14,2,8,2,4,11,3};
values2: {9,5,5,8,13,2,13,9,8,3};
sizes3: {13,0,11,10,4,2,7,6,4,11};
values3: {11,10,1,9,5,7,8,0,10,6};
sizes4: {3,4,13,2,6,10,0,7,14,13};
values4: {7,11,5,2,5,4,14,3,11,7};
sizes5: {8,11,13,2,1,7,1,6,9,0};
values5: {3,8,14,7,1,13,12,9,13,12};
sizes6: {7,5,4,1,12,13,0,2,12,12};
values6: {13,12,6,10,8,13,2,1,7,3};
sizes7: {14,0,0,0,10,9,4,1,1,3};
values7: {5,0,3,10,5,9,0,4,11,1};
sizes8: {9,6,5,8,14,10,9,10,14,10};
values8: {1,6,11,9,9,14,3,5,7,1};
sizes9: {11,3,3,12,6,6,10,8,11,11};
values9: {6,6,12,6,12,1,6,7,1,3};
sizes10: {4,13,4,9,12,14,10,2,4,6};
values10: {5,8,13,5,11,0,12,5,14,3};